000036 002113
000037 006512
000040 173000
000041 005100
000042 014401
000043 040040
000044 002113
000045 006512
000046 003100
000047 175001
000050 014401
000051 040046
000052 172000
000053 006512
000054 003100
000055 003400
000056 013500
000057 043463
000060 051600
000061 003515
000062 051700
000063 002113
000064 016001
000065 014401
000066 003000
000067 013100
000070 002002
000071 042074
000072 002115
000073 050000
000074 012003
000075 042104
000076 002002
000077 042102
000100 002115
000101 050000
000102 003400
000103 003100
000104 014401
000105 002113
000106 012001
000107 040066
000110 175001
000111 000000
000112 000144
000113 000024
000114 000001
000115 177777
