000144 122112
000145 172002
000146 024057
000147 004100
000150 174001
000151 124124
000152 003024
000153 015001
000154 005024
000155 122124
000156 032056
000157 172000
000160 004013
000161 122112
000162 003100
000163 025061
000164 013013
000165 025060
000166 124124
000167 003024
000170 015001
000171 005024
000172 122124
000173 032062
000174 006014
000175 174001
000176 000000
000177 006015
000200 174001
000201 000000
000012 001130
000013 000000
000014 000106
000015 000116
000016 000145
000017 000157
000020 000174
000021 000177
000022 000162
000024 000000
001130 000000
